000000011000001100000000000000000000000110000000000000000000110000000000000000000000011000111100000000000000000110000000
011111011000001110000000000000000000000111000000000000000000110000000000000000000000111101111100000000000000001110110000
011111111000000110000000000000000000000011001000000000000000110000000000000000000000111111011000000000000000001101110000
110001111111101111001111100011111111101100111111111011111000111111011110111111000011111001111011111100011011111111110000
110000011111111111111111100011111111101100111111111111111000111111111111111111000111111011111111111100011011111111110000
110000011001101111111001100011001101101100110110011110011000110011011111110011000110011011111111001100011111110011110000
110001111001111111111001100011001101101100110110011110011000110011111111110011000110011011111111001100001111110011110000
111011111001111011111101100011001101101101110110011111111000111011110111110011000111111011101111001100001110111011110000
011111111001111111101111100011001101101111110110011011111000111111111111110011000011111001111111001100001110011111110000
000110000000000100000110000000000000000011000000000011111000000100001100000000000001100000110000000000000000001100000000
000000000000000000000000000000000000000000000000000111111000000000001100000000000000000000000000000000000000000000000000

0000000000000000000000000000000000000000000000000000000000000000000000000000000000000000000000000000000000000000000000000000000000000000
0000000000000000000000000000000000000000000000000000000000000000000000000000000000000000000000000000000000000000000000000000000000000000
0000000100000011000000000000000000000001000000000000000000001000000000000000000000000100011110000000000000000001100000000000000000000000
0011110100000001000000000000000000000000100100000000000000001000000000000000000000001110010100000000000000000001000100001000111100111100
0100000100000000000000000000000000000000000100000000000000001000000000000000000000000100000000000000000000000000000000111000000100000100
1100000111110111100111100000011111110010001001111001111000001111101111001111100000111100011100111100000100010111100100001000000100000100
1000000100010000010100010000010010010010001001001001001000001000100000101000100000100100100010100010000110010100010100001000000100011000
1000000100010011110100010000010010010010001001001010001000001000100111101000100001000100111110100010000010100100010100001000001000000100
1100000100010100010100010000010010010010001001001010001000001000101000101000100001000100100000100010000010100100010100001000010000000110
0100000100010100010100010000010010010010011001001001001000001000101000101000100000100100100000100010000001100100010100001000100000000100
0011110100010111010011100000010010010011101001001000111000001111001110101000100000111100011110100010000001000011100100111100111110111100
0000000000000000000000000000000000000000000000000000001000000000000000000000000000000000000000000000000000000000000000000000000000000000


0000000000000000000000000000000000000000000000000000000000000000000000000000000000000000000000000000000000000000000000000000000000000000
0000000100000001100000000000000000000110000000000000000000100000000000000000000000010011111100000000000000001100000000000000000000000000
0111110100000001100000000000000000000110000000000000000000100000000000000000000001111011110000000000000000001100100110001111101111100000
1111110100000000000000000000000000000000011000000000000000100000000000000000000000010000000000000000000000000011000110001111101111100000
1100000111110011110111110000111111101000111111110111110000111110011110111110000111110111110111110001110111111111100010000001100011100000
1100000111110000110111110000111111101000100111110111110000111110000110111110000111110111110111110000110110111110100010000001100011100000
1100000100110111110110110000100100101000100100110110010000100110111110100110000110010111110100110000110110110110100010000011000011100000
1100000100010111110110110000100100101000100100010110010000100110111110100010000110010110000100010000011100110110100010000110000001100000
1111110100010111110111110000100100101111100100010111110000111110111110100010000111110111110100010000011100111110100010001100001111100000
0111110100010111110111110000100100101111100100010111110000111110111110100010000111110111110100010000011100111110100111001111101111100000
0000000000000000000000000000000000000000000000000000110000000000000000000000000000000000000000000000000000000000000000000000000000000000


00000000000000000000000000000000000000000000000000000000000000000000000000000000000000000000000000000000
00000100001000000000000000001000000000000001000000000000000001000101000000000000010000000000000000000000
00111100000100000000000000000100000000000001000000000000000011101010000000000000100100010111011100000000
01000100000000000000000000000001000000000001000000000000000001000000000000000000001000110000100010000000
10000111001100110000111011010010111001110001110011011100000111001101110000100011110100010000100010000000
10000100100011001000100100110010100110010001001000110010001001010011001000010110010100010001001100000000
10000100101111001000100100110010100110010001001011110010001001011111001000010110010100010010000010000000
01000100110011001000100100110010100110010001001100110010001001010001001000010110010100010100000010000000
00111100101110110000100100101110100101110001110011110010000111001111001000001001100100111111111100000000
00000000000000000000000000000000000000010000000000000000000000000000000000000000000000000000000000000000
00000000000000000000000000000000000001100000000001000000000000000000000000000000000000000000000000000000

000000000000000000000000000000000000000000000000000000000000000000000000000000000000000000000000000000000000000000000000000000000000000000000000000000000000000000000000000000000000000000000000000000000000000000000000000000000000000000000000000000000000000000000000000000000000000000000000000000000000000000000000000000000000000000000000000000000000000000000000000000000000000000000000000000000000000000000000000000000000000000000000001001000000000100000000010000000000000100000000
000000000000000000000000000000000000001111110000010001111000111001111001111101111100111001000100111000000101000101000001000101000100111001111000111001111000111001111101000101000101010101000101000101111100000000010000111000111001111100111001111100111000111000111000000000000001000000000000000100000000001100000001000000010000010001000000110000000000000000000000000000000000000000000000010000000000000000000000000000000000000000000000111111110001111111110010010010001111100100000000
000000000000000000000000000000000000000000010000010001000101000101000101000001000001000101000100010000000101001001000001101101100101000101000101000101000101000100010001000101000101010101000101000100000100000000110001000101000101000001000101000101000101000101000100000000000001000000000000000100000000010000000001000000000000000001000000010000000000000000000000000000000000000000000000010000000000000000000000000000000000000000000000001001000000000100000010010001001000111111000000
000000000000000000000000000000000000000000010000101001000101000101000101000001000001000001000100010000000101010001000001101101100101000101000101000101000101000000010001000101000101010100101001000100001000000000010001000101000101000001000000001001000101000101000100000001111001111000111000111100111000111100111101111000110000110001001000010001101001111000111001111000111100101100111000111001000101000101010101000101000101111000000001111111111001111111110011111111101010100100000000
000000000000000000000000000000000000001111110000101001111001000001000101111101111001011101111100010000000101100001000001010101010101000101000101000101000100110000010001000100101001010100010000101000010000000000010000001000011001111001111000001000111001000101000100000000000101000101000101000101000100010001000101000100010000010001010000010001010101000101000101000101000100110001000100010001000101000101010100101001000100001000000000001000100000100000100000100000001010101100000000
000000000000000000000000000000000000000000010000111001000101000001000101000001000001000101000100010000000101100001000001010101010101000101111001000101111000001000010001000100101001010100010000010000010001111100010000010000000101000101000100010001000100111101000101111100111101000101000001000101111100010001000101000100010000010001100000010001010101000101000101000101000100100000110000010001000100101001010100010001000100010001111100010100010000111111100000111110001010101100000000
000000000000000000000000000000000000000000100001000101000101000101000101000001000001000101000100010001000101010001000001000101001101000101000001000101000100000100010001000100101001010100101000010000100000000000010000100001000100000101000100010001000100000101000100000001000101000101000001000101000000010001000101000100010000010001100000010001010101000101000101000101000100100000001000010001000100101001010100010000101000100000000001100100001000010001000001000010001010010100000000
000000000000000000000000000000000000000001000001000101000101000101000101000001000001001101000100010001000101001001000001000101001101000101000001010101000101000100010001000100010000101001000100010001000000000000010001000001000101000101000100010001000101000101000100000001000101000101000101000101000100010000111101000100010000010001010000010001010101000101000101000101000100100001000100010001000100010000111000101000101001000000000000010101010001111111110001010010000010100100000000
000000000000000000000000000000000000000110000001000101111000111001111001111101000000110101000100111000111001000101111101000101000100111001000000111001000100111000010000111000010000101001000100010001111100


